head(tinydata)
  subject           activity TimeBodyAcc.mean...X TimeBodyAcc.mean...Y TimeBodyAcc.mean...Z
1       1             laying            0.2215982         -0.040513953           -0.1132036
2       1            sitting            0.2612376         -0.001308288           -0.1045442
3       1           standing            0.2789176         -0.016137590           -0.1106018
4       1            walking            0.2773308         -0.017383819           -0.1111481
5       1 walking_downstairs            0.2891883         -0.009918505           -0.1075662
6       1   walking_upstairs            0.2554617         -0.023953149           -0.0973020
  TimeBodyAcc.std...X TimeBodyAcc.std...Y TimeBodyAcc.std...Z TimeGravityAcc.mean...X
1         -0.92805647        -0.836827406         -0.82606140              -0.2488818
2         -0.97722901        -0.922618642         -0.93958629               0.8315099
3         -0.99575990        -0.973190056         -0.97977588               0.9429520
4         -0.28374026         0.114461337         -0.26002790               0.9352232
5          0.03003534        -0.031935943         -0.23043421               0.9318744
6         -0.35470803        -0.002320265         -0.01947924               0.8933511
  TimeGravityAcc.mean...Y TimeGravityAcc.mean...Z TimeGravityAcc.std...X TimeGravityAcc.std...Y
1               0.7055498              0.44581772             -0.8968300             -0.9077200
2               0.2044116              0.33204370             -0.9684571             -0.9355171
3              -0.2729838              0.01349058             -0.9937630             -0.9812260
4              -0.2821650             -0.06810286             -0.9766096             -0.9713060
5              -0.2666103             -0.06211996             -0.9505598             -0.9370187
6              -0.3621534             -0.07540294             -0.9563670             -0.9528492
  TimeGravityAcc.std...Z TimeBodyAccJerk.mean...X TimeBodyAccJerk.mean...Y TimeBodyAccJerk.mean...Z
1             -0.8523663               0.08108653             0.0038382040              0.010834236
2             -0.9490409               0.07748252            -0.0006191028             -0.003367792
3             -0.9763241               0.07537665             0.0079757309             -0.003685250
4             -0.9477172               0.07404163             0.0282721096             -0.004168406
5             -0.8959397               0.05415532             0.0296504490             -0.010971973
6             -0.9123794               0.10137273             0.0194863076             -0.045562545
  TimeBodyAccJerk.std...X TimeBodyAccJerk.std...Y TimeBodyAccJerk.std...Z TimeBodyGyro.mean...X
1             -0.95848211              -0.9241493              -0.9548551           -0.01655309
2             -0.98643071              -0.9813720              -0.9879108           -0.04535006
3             -0.99460454              -0.9856487              -0.9922512           -0.02398773
4             -0.11361560               0.0670025              -0.5026998           -0.04183096
5             -0.01228386              -0.1016014              -0.3457350           -0.03507819
6             -0.44684389              -0.3782744              -0.7065935            0.05054938
  TimeBodyGyro.mean...Y TimeBodyGyro.mean...Z TimeBodyGyro.std...X TimeBodyGyro.std...Y
1           -0.06448612            0.14868944           -0.8735439         -0.951090440
2           -0.09192415            0.06293138           -0.9772113         -0.966473895
3           -0.05939722            0.07480075           -0.9871919         -0.987734440
4           -0.06953005            0.08494482           -0.4735355         -0.054607769
5           -0.09093713            0.09008501           -0.4580305         -0.126349195
6           -0.16617002            0.05835955           -0.5448711          0.004105184
  TimeBodyGyro.std...Z TimeBodyGyroJerk.mean...X TimeBodyGyroJerk.mean...Y TimeBodyGyroJerk.mean...Z
1           -0.9082847               -0.10727095               -0.04151729               -0.07405012
2           -0.9414259               -0.09367938               -0.04021181               -0.04670263
3           -0.9806456               -0.09960921               -0.04406279               -0.04895055
4           -0.3442666               -0.08999754               -0.03984287               -0.04613093
5           -0.1247025               -0.07395920               -0.04399028               -0.02704611
6           -0.5071687               -0.12223277               -0.04214859               -0.04071255
  TimeBodyGyroJerk.std...X TimeBodyGyroJerk.std...Y TimeBodyGyroJerk.std...Z TimeBodyAccMag.mean..
1               -0.9186085               -0.9679072               -0.9577902           -0.84192915
2               -0.9917316               -0.9895181               -0.9879358           -0.94853679
3               -0.9929451               -0.9951379               -0.9921085           -0.98427821
4               -0.2074219               -0.3044685               -0.4042555           -0.13697118
5               -0.4870273               -0.2388248               -0.2687615            0.02718829
6               -0.6147865               -0.6016967               -0.6063320           -0.12992763
  TimeBodyAccMag.std.. TimeGravityAccMag.mean.. TimeGravityAccMag.std.. TimeBodyAccJerkMag.mean..
1          -0.79514486              -0.84192915             -0.79514486               -0.95439626
2          -0.92707842              -0.94853679             -0.92707842               -0.98736420
3          -0.98194293              -0.98427821             -0.98194293               -0.99236779
4          -0.21968865              -0.13697118             -0.21968865               -0.14142881
5           0.01988435               0.02718829              0.01988435               -0.08944748
6          -0.32497093              -0.12992763             -0.32497093               -0.46650345
  TimeBodyAccJerkMag.std.. TimeBodyGyroMag.mean.. TimeBodyGyroMag.std.. TimeBodyGyroJerkMag.mean..
1              -0.92824563            -0.87475955            -0.8190102                 -0.9634610
2              -0.98412002            -0.93089249            -0.9345318                 -0.9919763
3              -0.99309621            -0.97649379            -0.9786900                 -0.9949668
4              -0.07447175            -0.16097955            -0.1869784                 -0.2987037
5              -0.02578772            -0.07574125            -0.2257244                 -0.2954638
6              -0.47899162            -0.12673559            -0.1486193                 -0.5948829
  TimeBodyGyroJerkMag.std.. FreqBodyAcc.mean...X FreqBodyAcc.mean...Y FreqBodyAcc.mean...Z
1                -0.9358410          -0.93909905         -0.867065205           -0.8826669
2                -0.9883087          -0.97964124         -0.944084550           -0.9591849
3                -0.9947332          -0.99524993         -0.977070848           -0.9852971
4                -0.3253249          -0.20279431          0.089712726           -0.3315601
5                -0.3065106           0.03822918          0.001549908           -0.2255745
6                -0.6485530          -0.40432178         -0.190976721           -0.4333497
  FreqBodyAcc.std...X FreqBodyAcc.std...Y FreqBodyAcc.std...Z FreqBodyAcc.meanFreq...X
1         -0.92443743         -0.83362556         -0.81289156              -0.15879267
2         -0.97641231         -0.91727501         -0.93446956              -0.04951360
3         -0.99602835         -0.97229310         -0.97793726               0.08651536
4         -0.31913472          0.05604001         -0.27968675              -0.20754837
5          0.02433084         -0.11296374         -0.29792789              -0.30739520
6         -0.33742819          0.02176951          0.08595655              -0.41873500
  FreqBodyAcc.meanFreq...Y FreqBodyAcc.meanFreq...Z FreqBodyAccJerk.mean...X FreqBodyAccJerk.mean...Y
1               0.09753484               0.08943766              -0.95707388              -0.92246261
2               0.07594608               0.23882987              -0.98659702              -0.98157947
3               0.11747895               0.24485859              -0.99463080              -0.98541870
4               0.11309365               0.04972652              -0.17054696              -0.03522552
5               0.06322008               0.29432270              -0.02766387              -0.12866716
6              -0.16069721              -0.52011479              -0.47987525              -0.41344459
  FreqBodyAccJerk.mean...Z FreqBodyAccJerk.std...X FreqBodyAccJerk.std...Y FreqBodyAccJerk.std...Z
1               -0.9480609              -0.9641607              -0.9322179              -0.9605870
2               -0.9860531              -0.9874930              -0.9825139              -0.9883392
3               -0.9907522              -0.9950738              -0.9870182              -0.9923498
4               -0.4689992              -0.1335866               0.1067399              -0.5347134
5               -0.2883347              -0.0863279              -0.1345800              -0.4017215
6               -0.6854744              -0.4619070              -0.3817771              -0.7260402
  FreqBodyAccJerk.meanFreq...X FreqBodyAccJerk.meanFreq...Y FreqBodyAccJerk.meanFreq...Z
1                    0.1324191                   0.02451362                  0.024387945
2                    0.2566108                   0.04754378                  0.092392003
3                    0.3141829                   0.03916190                  0.138581479
4                   -0.2092620                  -0.38623714                 -0.185530281
5                   -0.2531643                  -0.33758970                  0.009372239
6                   -0.3770231                  -0.50949553                 -0.551104284
  FreqBodyGyro.mean...X FreqBodyGyro.mean...Y FreqBodyGyro.mean...Z FreqBodyGyro.std...X
1            -0.8502492           -0.95219149           -0.90930272           -0.8822965
2            -0.9761615           -0.97583859           -0.95131554           -0.9779042
3            -0.9863868           -0.98898446           -0.98077312           -0.9874971
4            -0.3390322           -0.10305942           -0.25594094           -0.5166919
5            -0.3524496           -0.05570225           -0.03186943           -0.4954225
6            -0.4926117           -0.31947461           -0.45359721           -0.5658925
  FreqBodyGyro.std...Y FreqBodyGyro.std...Z FreqBodyGyro.meanFreq...X FreqBodyGyro.meanFreq...Y
1          -0.95123205           -0.9165825              -0.003546796               -0.09152913
2          -0.96234504           -0.9439178               0.189153021                0.06312707
3          -0.98710773           -0.9823453              -0.120293021               -0.04471920
4          -0.03350816           -0.4365622               0.014784499               -0.06577462
5          -0.18141473           -0.2384436              -0.100453729                0.08255115
6           0.15153891           -0.5717078              -0.187450248               -0.47357479
  FreqBodyGyro.meanFreq...Z FreqBodyAccMag.mean.. FreqBodyAccMag.std.. FreqBodyAccMag.meanFreq..
1              0.0104581257           -0.86176765           -0.7983009                0.08640856
2             -0.0297839207           -0.94778292           -0.9284448                0.23665501
3              0.1006076351           -0.98535636           -0.9823138                0.28455529
4              0.0007733216           -0.12862345           -0.3980326                0.19064372
5             -0.0756762068            0.09658453           -0.1865303                0.11918714
6             -0.1333739043           -0.35239594           -0.4162601               -0.09774335
  FreqBodyBodyAccJerkMag.mean.. FreqBodyBodyAccJerkMag.std.. FreqBodyBodyAccJerkMag.meanFreq..
1                   -0.93330036                   -0.9218040                        0.26639115
2                   -0.98526213                   -0.9816062                        0.35185220
3                   -0.99254248                   -0.9925360                        0.42222010
4                   -0.05711940                   -0.1034924                        0.09382218
5                    0.02621849                   -0.1040523                        0.07649155
6                   -0.44265216                   -0.5330599                        0.08535241
  FreqBodyBodyGyroMag.mean.. FreqBodyBodyGyroMag.std.. FreqBodyBodyGyroMag.meanFreq..
1                 -0.8621902                -0.8243194                  -0.1397750127
2                 -0.9584356                -0.9321984                  -0.0002621867
3                 -0.9846176                -0.9784661                  -0.0286057725
4                 -0.1992526                -0.3210180                   0.2688443675
5                 -0.1857203                -0.3983504                   0.3496138955
6                 -0.3259615                -0.1829855                  -0.2193033761
  FreqBodyBodyGyroJerkMag.mean.. FreqBodyBodyGyroJerkMag.std.. FreqBodyBodyGyroJerkMag.meanFreq..
1                     -0.9423669                    -0.9326607                          0.1764859
2                     -0.9897975                    -0.9870496                          0.1847759
3                     -0.9948154                    -0.9946711                          0.3344987
4                     -0.3193086                    -0.3816019                          0.1906634
5                     -0.2819634                    -0.3919199                          0.1900007
6                     -0.6346651                    -0.6939305                          0.1142773
  angle.TimeBodyAccMean.gravity. angle.TimeBodyAccJerkMean..gravityMean.
1                   0.0213659656                             0.003060407
2                   0.0274415479                             0.029709788
3                  -0.0002223407                             0.021963783
4                   0.0604537474                            -0.007930378
5                  -0.0026951252                             0.089931687
6                   0.0960860762                            -0.061083841
  angle.TimeBodyGyroMean.gravityMean. angle.TimeBodyGyroJerkMean.gravityMean. angle.X.gravityMean.
1                        -0.001666985                              0.08443716            0.4267062
2                         0.067698134                             -0.06488162           -0.5912475
3                        -0.033793838                             -0.02792293           -0.7434079
4                         0.013059491                             -0.01874319           -0.7292472
5                         0.063338285                             -0.03997685           -0.7444838
6                        -0.194699963                              0.06568357           -0.6471957
  angle.Y.gravityMean. angle.Z.gravityMean.
1          -0.52034382          -0.35241311
2          -0.06046603          -0.21801723
3           0.27017503           0.01225285
4           0.27695302           0.06885891
5           0.26724578           0.06500471
6           0.33476328           0.07416637
